cost_R = 0.1+92+1.1+0.2;
cost_C = 800+1000+1;
%cost_R = R/1000;
%cost_C = C/(1e-6);
cost_t = 0.2;
cost = cost_R + cost_C + cost_t;
vgain= 94.71953;
band = 4.698030e+07;
cutoff = 1.051675e+02;
M = (vgain*band)/(cost*cutoff)
