R1 = 1.04765357286 
R2 = 2.06140068334 
R3 = 3.03459085363 
R4 = 4.00398818216 
R5 = 3.11499853456 
R6 = 2.04588646991 
R7 = 1.04390152967 
Vs = 5.02522591213 
C = 1.00982536324 
Kb = 7.28209304852 
Kd = 8.36641247715
